6	2.56 0.80 0.26 0.38 0.57 0.35 0.48 0.47 2.19 0.27 0.35 1.35 0.15 0.47 0.30 0.75 0.43 0.31 2.48 0.29 0.69 0.27 0.54 0.73 0.65 0.59 0.61 0.28 0.74 1.36 0.27 0.24 2.63 0.95 0.64 1.10 0.54 0.33 0.44
15	2.55 0.80 0.26 0.38 0.58 0.35 0.48 0.47 2.19 0.27 0.36 1.35 0.15 0.47 0.30 0.75 0.43 0.31 2.48 0.29 0.68 0.27 0.54 0.73 0.65 0.58 0.61 0.28 0.74 1.37 0.27 0.24 2.63 0.95 0.62 1.09 0.54 0.33 0.44
3	2.61 0.83 0.27 0.39 0.60 0.36 0.49 0.48 2.23 0.28 0.37 1.39 0.15 0.48 0.31 0.77 0.44 0.32 2.52 0.30 0.72 0.27 0.56 0.76 0.67 0.60 0.63 0.29 0.75 1.41 0.28 0.25 2.69 0.96 0.66 1.10 0.55 0.34 0.46
18	2.70 0.86 0.28 0.40 0.61 0.38 0.51 0.51 2.27 0.29 0.38 1.43 0.16 0.50 0.32 0.80 0.46 0.33 2.57 0.31 0.76 0.28 0.57 0.78 0.69 0.65 0.66 0.30 0.77 1.45 0.29 0.26 2.76 0.98 0.72 1.13 0.58 0.36 0.48
14	2.68 0.85 0.28 0.40 0.61 0.38 0.51 0.50 2.26 0.29 0.38 1.44 0.16 0.50 0.32 0.79 0.46 0.33 2.57 0.31 0.74 0.28 0.57 0.78 0.69 0.63 0.65 0.30 0.77 1.44 0.29 0.26 2.77 0.99 0.69 1.14 0.57 0.35 0.47
19	2.38 0.73 0.25 0.35 0.52 0.32 0.44 0.43 2.10 0.24 0.32 1.23 0.13 0.43 0.27 0.70 0.39 0.28 2.36 0.27 0.62 0.25 0.51 0.65 0.59 0.52 0.57 0.25 0.70 1.25 0.25 0.22 2.45 0.89 0.57 1.03 0.49 0.30 0.41
9	2.58 0.80 0.27 0.38 0.58 0.35 0.48 0.47 2.21 0.27 0.36 1.37 0.15 0.47 0.30 0.76 0.43 0.31 2.51 0.29 0.69 0.27 0.55 0.74 0.65 0.58 0.61 0.28 0.75 1.38 0.27 0.24 2.66 0.95 0.63 1.10 0.54 0.33 0.45
20	2.25 0.68 0.23 0.33 0.48 0.30 0.41 0.40 2.03 0.22 0.30 1.14 0.12 0.40 0.26 0.66 0.37 0.26 2.27 0.25 0.58 0.24 0.48 0.60 0.55 0.47 0.53 0.24 0.67 1.17 0.23 0.21 2.32 0.85 0.52 0.98 0.46 0.28 0.38
10	2.51 0.78 0.26 0.37 0.56 0.34 0.46 0.45 2.17 0.26 0.35 1.32 0.14 0.46 0.29 0.74 0.42 0.30 2.46 0.28 0.67 0.26 0.53 0.71 0.63 0.56 0.60 0.27 0.73 1.34 0.26 0.24 2.59 0.93 0.60 1.08 0.53 0.32 0.43
7	2.57 0.87 0.27 0.39 0.65 0.37 0.49 0.50 2.21 0.27 0.39 1.44 0.15 0.49 0.32 0.77 0.44 0.33 2.47 0.30 0.75 0.27 0.56 0.78 0.70 0.58 0.63 0.28 0.73 1.46 0.29 0.26 2.69 0.98 0.69 1.10 0.55 0.35 0.46
24	2.67 0.85 0.28 0.39 0.61 0.38 0.50 0.50 2.25 0.29 0.38 1.43 0.16 0.50 0.31 0.79 0.45 0.33 2.55 0.31 0.74 0.28 0.57 0.78 0.68 0.63 0.65 0.30 0.76 1.44 0.29 0.26 2.74 0.98 0.69 1.13 0.57 0.35 0.47
16	2.53 0.79 0.26 0.37 0.57 0.34 0.47 0.46 2.18 0.26 0.35 1.35 0.14 0.46 0.30 0.74 0.42 0.30 2.47 0.28 0.67 0.26 0.54 0.73 0.65 0.57 0.60 0.27 0.73 1.36 0.27 0.24 2.62 0.94 0.61 1.09 0.53 0.33 0.44
23	2.58 0.81 0.27 0.38 0.58 0.35 0.48 0.47 2.21 0.27 0.36 1.37 0.15 0.47 0.30 0.76 0.43 0.31 2.50 0.29 0.70 0.27 0.55 0.74 0.66 0.59 0.62 0.28 0.74 1.38 0.27 0.25 2.66 0.95 0.64 1.10 0.54 0.33 0.45
21	2.57 0.80 0.27 0.38 0.58 0.35 0.48 0.47 2.20 0.27 0.36 1.36 0.15 0.47 0.30 0.75 0.43 0.31 2.49 0.29 0.69 0.27 0.55 0.74 0.65 0.58 0.61 0.28 0.74 1.38 0.27 0.24 2.65 0.95 0.63 1.10 0.54 0.33 0.45
13	2.61 0.82 0.27 0.38 0.59 0.36 0.49 0.48 2.23 0.28 0.36 1.38 0.15 0.48 0.30 0.77 0.44 0.31 2.52 0.30 0.71 0.27 0.55 0.74 0.66 0.60 0.63 0.29 0.75 1.39 0.28 0.25 2.68 0.95 0.66 1.10 0.55 0.34 0.46
8	2.55 0.80 0.26 0.38 0.58 0.35 0.47 0.47 2.20 0.26 0.36 1.36 0.15 0.47 0.30 0.75 0.43 0.30 2.48 0.29 0.69 0.26 0.54 0.74 0.65 0.57 0.61 0.28 0.74 1.38 0.27 0.24 2.64 0.95 0.62 1.09 0.54 0.33 0.44
2	2.57 0.81 0.27 0.38 0.58 0.35 0.48 0.47 2.20 0.27 0.36 1.37 0.15 0.47 0.30 0.76 0.43 0.31 2.49 0.29 0.70 0.27 0.55 0.74 0.65 0.59 0.62 0.28 0.74 1.38 0.27 0.25 2.65 0.95 0.64 1.10 0.54 0.33 0.45
int	2.57 0.81 0.27 0.38 0.58 0.35 0.48 0.47 2.20 0.27 0.36 1.37 0.15 0.47 0.30 0.76 0.43 0.31 2.49 0.29 0.70 0.27 0.55 0.74 0.65 0.59 0.62 0.28 0.74 1.38 0.27 0.25 2.65 0.95 0.64 1.10 0.54 0.33 0.45
4	2.60 0.83 0.27 0.39 0.60 0.36 0.49 0.48 2.22 0.27 0.37 1.40 0.15 0.48 0.31 0.77 0.44 0.32 2.51 0.30 0.72 0.27 0.56 0.76 0.67 0.60 0.63 0.29 0.75 1.41 0.28 0.25 2.69 0.96 0.66 1.10 0.55 0.34 0.46
17	2.66 0.85 0.28 0.39 0.61 0.37 0.50 0.50 2.25 0.29 0.38 1.42 0.16 0.50 0.31 0.79 0.45 0.33 2.54 0.31 0.74 0.28 0.57 0.77 0.68 0.63 0.64 0.30 0.76 1.43 0.29 0.26 2.73 0.98 0.69 1.13 0.57 0.35 0.47
12	2.53 0.79 0.26 0.37 0.57 0.34 0.47 0.46 2.18 0.26 0.35 1.34 0.14 0.46 0.29 0.74 0.42 0.30 2.47 0.28 0.67 0.26 0.54 0.73 0.64 0.57 0.60 0.28 0.73 1.35 0.27 0.24 2.62 0.94 0.61 1.09 0.53 0.32 0.44
11	2.59 0.81 0.27 0.38 0.58 0.36 0.48 0.47 2.21 0.27 0.36 1.36 0.15 0.47 0.30 0.76 0.43 0.31 2.50 0.29 0.70 0.27 0.55 0.73 0.65 0.60 0.62 0.28 0.75 1.37 0.27 0.25 2.65 0.95 0.65 1.10 0.55 0.33 0.45
22	2.58 0.81 0.27 0.38 0.59 0.35 0.48 0.47 2.21 0.27 0.36 1.38 0.15 0.47 0.30 0.76 0.43 0.31 2.50 0.29 0.70 0.27 0.55 0.74 0.66 0.59 0.62 0.28 0.74 1.39 0.27 0.25 2.67 0.95 0.64 1.10 0.54 0.33 0.45
5	2.57 0.80 0.27 0.38 0.58 0.35 0.48 0.47 2.20 0.27 0.36 1.36 0.15 0.47 0.30 0.75 0.43 0.31 2.49 0.29 0.69 0.27 0.55 0.74 0.65 0.58 0.61 0.28 0.74 1.38 0.27 0.24 2.65 0.95 0.63 1.10 0.54 0.33 0.45
