chr21 14615779 14619875 335297
chr21 27822109 27826205 640280
chr21 34907407 34911503 337315
chr21 44401369 44405465 339113
chr21 12989903 12993999 637935
chr21 27382583 27386679 640233
chr21 16532984 16537080 335557
chr21 9366593 9370689 637055
chr21 19674686 19678782 638920
chr21 35505654 35509750 337426
chr21 27309683 27313779 640227
chr21 40633726 40637822 338321
chr21 38431702 38435798 337938
chr21 41039924 41044020 641230
chr21 18135584 18139680 638625
chr21 9960513 9964609 637200
chr21 26336487 26340583 640119
chr21 29796835 29800931 336553
chr21 36083798 36087894 337507
chr21 39237734 39241830 338104
chr21 43340244 43344340 338865
chr21 10112065 10116161 637237
chr21 21557307 21561403 639258
chr21 27357533 27361629 336235
chr21 37825302 37829398 337842
chr21 24318693 24322789 639837
chr21 33644294 33648390 337057
chr21 25051359 25055455 639991
chr21 16239432 16243528 335518
chr21 33342750 33346846 336989
chr21 33557794 33561890 337037
chr21 38191076 38195172 641042
chr21 19445093 19449189 638881
chr21 24303775 24307871 639835
chr21 40533841 40537937 641165
chr21 16960724 16964820 638471
chr21 26279133 26283229 336116
chr21 46293366 46297462 339498
chr21 35306056 35310152 640887
chr21 38231486 38235582 337893
chr21 24813634 24817730 639940
