chr22 16518562 16522658 339587
chr22 16557762 16561858 339588
chr22 16561814 16565910 339589
chr22 16565910 16570006 339590
chr22 16582418 16586514 339591
chr22 16586514 16590610 339592
chr22 16590610 16594706 339593
chr22 16594706 16598802 339594
chr22 16598314 16602410 339595
chr22 16602410 16606506 339596
chr22 16607462 16611558 339597
chr22 16679162 16683258 339598
chr22 16712214 16716310 339599
chr22 16716310 16720406 339600
chr22 16719762 16723858 339601
chr22 16773162 16777258 339602
chr22 16791862 16795958 339603
chr22 16804962 16809058 339604
chr22 16809162 16813258 339605
chr22 16823162 16827258 339606
chr22 16848762 16852858 339607
chr22 16868162 16872258 339608
chr22 16913062 16917158 339609
chr22 16920462 16924558 339610
chr22 16947162 16951258 339611
chr22 17009214 17013310 339612
chr22 17013310 17017406 339613
chr22 17032814 17036910 339614
chr22 17036910 17041006 339615
chr22 17043518 17047614 339616
chr22 17047614 17051710 339617
chr22 17051710 17055806 339618
chr22 17055806 17059902 339619
chr22 17059162 17063258 339620
chr22 17062562 17066658 339621
chr22 17074262 17078358 339622
chr22 17082014 17086110 339623
chr22 17086110 17090206 339624
chr22 17087562 17091658 339625
chr22 17091426 17095522 339626
chr22 17095522 17099618 339627
chr22 17099618 17103714 339628
chr22 17103714 17107810 339629
chr22 17107810 17111906 339630
chr22 17111906 17116002 339631
chr22 17116002 17120098 339632
chr22 17120098 17124194 339633
chr22 17129822 17133918 339634
chr22 17133918 17138014 339635
chr22 17138014 17142110 339636
chr22 17142110 17146206 339637
chr22 17146206 17150302 339638
chr22 17150302 17154398 339639
chr22 17153362 17157458 339640
chr22 17156862 17160958 339641
chr22 17160762 17164858 339642
chr22 17165462 17169558 339643
chr22 17170062 17174158 339644
chr22 17177782 17181878 339645
chr22 17181878 17185974 339646
chr22 17185974 17190070 339647
chr22 17190070 17194166 339648
chr22 17194166 17198262 339649
chr22 17198262 17202358 339650
chr22 17202358 17206454 339651
chr22 17206454 17210550 339652
chr22 17210550 17214646 339653
chr22 17214646 17218742 339654
chr22 17218742 17222838 339655
chr22 17227362 17231458 339656
chr22 17231214 17235310 339657
chr22 17235310 17239406 339658
chr22 17238914 17243010 339659
chr22 17243010 17247106 339660
chr22 17248862 17252958 339661
chr22 17254370 17258466 339662
chr22 17258466 17262562 339663
chr22 17262562 17266658 339664
chr22 17266658 17270754 339665
chr22 17270754 17274850 339666
chr22 17279562 17283658 339667
